doc_id,topic_0,topic_1,topic_2,topic_3,topic_4
0,0.11895628061754432,0.762481774924729,0.03038740098380935,0.0796474245983055,0.008527118875611807
1,0.05699771957337156,0.4813994741029281,0.3208412053821102,0.0987448519825436,0.04201674895904663
2,0.20722589782919504,0.5780120875263225,0.02782028920460069,0.17883887640965715,0.008102849030224811
3,0.1757841233872669,0.6112359496086855,0.03049602764608129,0.17927459315012065,0.003209306207845555
4,0.04859458756479728,0.882438452471956,0.010569355169891352,0.0583976047933555,0.0
5,0.030083162452037033,0.33449338268146056,0.02858257162075366,0.602101584607949,0.004739298637799705
6,0.0,1.0,0.0,0.0,0.0
7,0.5740420217848101,0.31538287103122453,0.11057510718396532,0.0,0.0
8,0.36112525324571637,0.5179531880618294,0.07176856688529042,0.04915299180716371,0.0
9,0.283559299970389,0.5313678107986693,0.05809691850543404,0.12697597072550765,0.0
10,0.22446706569172462,0.6364303307795688,0.05673967288876316,0.08236293063994342,0.0
11,0.37567720716152914,0.4550865290293108,0.07428342051210646,0.09484743730781069,0.00010540598924307016
12,0.9444970908238154,0.05550290917618468,0.0,0.0,0.0
13,0.1423380752740763,0.4634401190112315,0.03319844598170865,0.35795616279503484,0.003067196937948737
14,0.14070809036775836,0.8325468369229464,0.02674507270929537,0.0,0.0
15,0.1796384150258435,0.4353431940800912,0.13187468847861072,0.25227365291912957,0.0008700494963250813
16,0.42569725532537933,0.5151918424166154,0.024244697515267727,0.022081081478637025,0.012785123264100563
17,0.3373780651552137,0.01771635467066701,0.10239619848698697,0.5420962481783912,0.0004131335087413821
18,0.5560464206525583,0.3263501458025642,0.11066835867422209,0.006935074870655319,0.0
19,0.6268834407992954,0.21490374746498658,0.0725635703040951,0.08564924143162289,0.0
20,0.5828554362625383,0.30430770790240663,0.11283685583505502,0.0,0.0
21,0.5619329132373518,0.3192879217107366,0.09666436992200589,0.02039121513806721,0.0017235799918384775
22,0.5917562509576307,0.2708207380948784,0.06893350035065869,0.06742313094750614,0.0010663796493259636
23,0.9987581946744247,0.0,0.0,0.0012418053255752448,0.0
24,0.4059957332667364,0.4770601371436128,0.08660282767369634,0.02472097707614942,0.005620324839805111
25,0.4743419897569909,0.4627207328996177,0.05098880131231325,0.011948476031078178,0.0
26,0.5543927553729691,0.3112298512885708,0.09195136567066567,0.032496949398583934,0.009929078269210629
27,0.5208070612447522,0.17829323389940369,0.05693408079941506,0.2432938998887614,0.0006717241676677488
28,0.033812036204065296,0.02191437619354299,0.9267340948266756,0.01693003544454225,0.0006094573311739753
29,0.3141549389936169,0.3911258909260432,0.018644394115763564,0.2682884213515923,0.007786354612984098
30,0.5828554362625383,0.30430770790240663,0.11283685583505502,0.0,0.0
31,0.4888903429139885,0.26654993167018604,0.09473173243349234,0.14921488583887632,0.000613107143456756
32,0.3217163972361824,0.18339085940341796,0.32839827098778596,0.1620634035113512,0.0044310688612625064
33,0.5526830621910275,0.3490376143631355,0.09827932344583697,0.0,0.0
34,0.5188323485604276,0.33305873174801387,0.09457290749012627,0.05353601220143235,0.0
35,0.38606867312727744,0.5104410882594632,0.07219240164151038,0.03129783697174885,0.0
36,0.21383191337372012,0.7146480950128531,0.037302052794056434,0.03421793881937028,0.0
37,0.5433068561018285,0.390678360871457,0.06439002900457011,0.0,0.0016247540221442133
38,0.9448144634008654,0.04357299640694023,0.011544924401968722,0.0,6.76157902255232e-05
39,0.3602883535554113,0.5485797195106583,0.07185845162720898,0.01515997795179416,0.004113497354927283
40,0.40363834093444784,0.3031539018202047,0.23669418877467488,0.047726948079116614,0.00878662039155596
41,0.43842491883735635,0.4422397512699965,0.0790128674653709,0.038474819931292085,0.0018476424959842637
42,0.46503154372796973,0.3744572597564474,0.08391491960982443,0.07573787169247065,0.0008584052132877876
43,0.43946461819480964,0.37147666212607094,0.08325182611950159,0.10497423024810713,0.0008326633115106917
44,0.07417325000919724,0.9125857267275045,0.013241023263298185,0.0,0.0
45,0.5115230579658285,0.32985732043189764,0.13198081269257605,0.0,0.026638808909697807
46,0.09175872809660192,0.4725947414725232,0.0744535146263877,0.35287474711215633,0.008318268692330735
47,0.19326156806429884,0.5148671889940273,0.0052717003844341545,0.2815736087809444,0.005025933776295425
48,0.964805724826551,0.023996735801899483,0.010356296585842866,0.0008412427857067892,0.0
49,0.590243200884069,0.3284554074802589,0.057023467931314284,0.020316351302926444,0.003961572401431387
50,0.6353567488806195,0.2452451108335918,0.07844508412526255,0.04095305616052608,0.0
51,0.06012260453547797,0.8775249487873712,0.011033569461673885,0.05131887721547692,0.0
52,0.21491757500865785,0.5380613714957301,0.04577923984230875,0.20093067697953473,0.0003111366737685179
53,0.25778204473442334,0.5523998943498617,0.00808819005337131,0.17590901466505324,0.0058208561972903725
54,0.8653866325393849,0.09569310148949106,0.008927128890887415,0.029369009714021267,0.0006241273662152637
55,0.5449232395327908,0.35605879529646345,0.0988373128808201,0.0,0.00018065228992566229
56,0.5193020824714135,0.3676822259648338,0.10603175636833383,0.006516832608669104,0.00046710258674976786
57,0.0,1.0,0.0,0.0,0.0
58,0.46946673372750203,0.4201636719786835,0.10358633431291625,0.0,0.0067832599808981
59,0.4222989035486244,0.45265226065074415,0.08270394317979413,0.039327826948438595,0.0030170656723987888
60,0.5033047118727006,0.3680526140139426,0.09991004851224727,0.02449203024903944,0.004240595352069896
61,0.49160609937030625,0.367382130811115,0.0978275365034765,0.0,0.04318423331510227
62,0.5714916528808954,0.3173023673928484,0.11120597972625611,0.0,0.0
63,0.4102362523600546,0.49679006751552546,0.07315928551325163,0.019385122835541356,0.0004292717756270186
64,0.4221671371633775,0.4927527971865741,0.08291787241119708,0.002162193238851381,0.0
65,0.3167237982194765,0.4928337860572351,0.052485091863378505,0.13625280335467516,0.0017045205052346648
66,0.39290244418143255,0.3526378592283961,0.10530787615021027,0.1426857126261183,0.006466107813842891
67,0.3073754251060173,0.455399628431336,0.06028190591440991,0.1769430405482367,0.0
68,0.3939155375836443,0.3463077215125177,0.0955117497972594,0.14653247961543905,0.017732511491139573
69,0.0926913608256578,0.022514938340116534,0.0339010467793607,0.8505882344424484,0.0003044196124165841
70,0.50657990530877,0.3153621281716762,0.10600886624362521,0.06856037218933005,0.003488728086598424
71,0.4010277438678964,0.4693122419530365,0.08271852803059916,0.04345293616438309,0.003488549984084776
72,0.622846940350897,0.273843657052318,0.10330940259678482,0.0,0.0
73,0.5232329327453984,0.33904135144816655,0.10349580402467363,0.01808556748824132,0.016144344293520043
74,0.9697335370745017,0.020814954558499094,0.009451508366999173,0.0,0.0
75,0.5816990393418391,0.30507266692258994,0.11294217574395067,0.0,0.0002861179916204143
76,0.9530784666262524,0.037898042066939586,0.009023491306808074,0.0,0.0
77,0.3566563673620711,0.5280337624449732,0.06423299838857946,0.04587389498996716,0.005202976814408918
78,0.2466018576507255,0.6417335888997887,0.014335709496440323,0.09305678774273834,0.004272056210307011
79,0.2466018576507255,0.6417335888997887,0.014335709496440323,0.09305678774273834,0.004272056210307011
80,0.25936824998941116,0.5458484719185044,0.026951827882673317,0.16482033545975558,0.003011114749655672
81,0.01496511086515387,0.9850348891348462,0.0,0.0,0.0
82,0.4015665857070602,0.38210649741459374,0.08444966606445593,0.12948637976829883,0.002390871045591138
83,0.11369894143540853,0.6358747396768346,0.00860363962414868,0.23922674729642104,0.0025959319671871265
84,0.4197562421075003,0.33995272656172265,0.07218471823575622,0.16513362404551707,0.0029726890495038226
85,0.28096383524258595,0.42752995605007776,0.03743296054067229,0.248827247722396,0.005246000444268099
86,0.4069400501160676,0.50286573068133,0.07261330015765953,0.017248684486418964,0.0003322345585240037
87,0.4450633728367672,0.3999664513373849,0.08081945340020452,0.07042541024199198,0.003725312183651393
88,0.3371113718772448,0.47931123775752354,0.05296816252262067,0.12423349544335051,0.006375732399260323
89,0.40140135433067037,0.37578121451026847,0.04826476183314872,0.17271004713730964,0.001842622188602735
90,0.12845198735470129,0.8447076877703319,0.022257721704670375,0.0,0.00458260317029644
91,0.3853658963821022,0.5395435002297108,0.07290438113500058,0.00044140517019212094,0.001744817082994222
92,0.45393761578090297,0.39146065753112186,0.0806667305795064,0.0657526219184905,0.008182374189978218
93,0.5037147659177484,0.33670629567945554,0.0990374578747818,0.05839436302551335,0.0021471175025010326
94,0.5024312752307555,0.30645104776073806,0.08019433114204809,0.10625928446016106,0.004664061406297242
95,0.3853658963821022,0.5395435002297108,0.07290438113500058,0.00044140517019212094,0.001744817082994222
96,0.694193012160021,0.29946932193453296,0.006337665905446019,0.0,0.0
97,0.694193012160021,0.29946932193453296,0.006337665905446019,0.0,0.0
98,0.09638695923718413,0.22300587957338855,0.018050475055160164,0.6625566861342672,0.0
99,0.5123034215880317,0.3889030035220999,0.08807002526201864,0.008571935908945326,0.0021516137189044283
100,0.9580072801396757,0.032673728177649776,0.009318991682674513,0.0,0.0
101,0.36838056034844824,0.45333772377750914,0.07211293939359797,0.07174660300711992,0.03442217347332469
102,0.6455618501236892,0.2579381178341795,0.09650003204213133,0.0,0.0
103,0.0,1.0,0.0,0.0,0.0
104,0.0,0.05931318706684155,0.6569892217394768,0.27249546625149246,0.011202124942189173
105,0.056778074233759204,0.08108854365446581,0.07583699133851071,0.7769462863738616,0.009350104399402691
106,0.1652735257886352,0.29406143935270873,0.11504458532628166,0.41316559242210527,0.012454857110269354
107,0.4995635703187208,0.32446706985312274,0.01631093340143611,0.14755667086149843,0.012101755565221911
108,0.47245979507838204,0.0,0.0,0.527540204921618,0.0
109,0.18374288897569355,0.19721077038150672,0.12307408713846046,0.49134057216783267,0.004631681336506711
110,0.0,0.0010989370218352904,0.0,0.9989010629781647,0.0
111,0.37527158825162965,0.0,0.614569002409644,0.00960219252856723,0.0005572168101593619
112,0.09293110390109371,0.0,0.03582422647293275,0.8705140195717407,0.0007306500542327679
113,0.0,0.0,1.0,0.0,0.0
114,0.0,0.0,1.0,0.0,0.0
115,0.0,0.0,1.0,0.0,0.0
116,0.0,0.0,1.0,0.0,0.0
117,0.10983697412808215,0.42538880830974946,0.08932536531795872,0.37517185713817275,0.0002769951060369608
118,0.07672572444902111,0.09746034636718127,0.01760606842559268,0.792826303754545,0.015381557003660007
119,0.22227967764747725,0.5096100505076319,0.013284536966184528,0.250951215768128,0.003874519110578344
120,0.23687872536999333,0.5239884081601838,0.011933713832872062,0.22254973261758584,0.0046494200193649944
121,0.19613192870817955,0.5428526448789857,0.010568853052118889,0.24694957523625974,0.003496998124456192
122,0.3773452546862381,0.19878060575464948,0.01642343540421274,0.40745070415489965,0.0
123,0.004645761569922591,0.007260452028944517,0.017161536429642344,0.9476238728185774,0.02330837715291313
124,0.622059039131813,0.3774243061228059,0.0005166547453810123,0.0,0.0
125,0.24951277745015554,0.47319072467652984,0.047741633150050936,0.22955486472326375,0.0
126,0.10809318696548602,0.49766021127762655,0.01631450419493255,0.37793209756195484,0.0
127,0.10447549112010039,0.4907971958621532,0.020411257242805063,0.3843160557749413,0.0
128,0.10809318696548602,0.49766021127762655,0.01631450419493255,0.37793209756195484,0.0
129,0.27493407129230835,0.5187482496013339,0.026117887228761308,0.17359811189477428,0.00660167998282219
130,0.07672572444902111,0.09746034636718127,0.01760606842559268,0.792826303754545,0.015381557003660007
131,0.10961149447465203,0.471720276763838,0.01820255806412049,0.4004656706973894,0.0
132,0.09645080625762081,0.41846487959961126,0.045641195762814835,0.41363424970748236,0.025808868672470626
133,0.15235094593008042,0.4894306128619812,0.022873368892540283,0.3238429117924952,0.011502160522902857
134,0.40845168766561946,0.2581513169575838,0.03625353763694204,0.28543448039941904,0.011708977340435585
135,0.2609343119104477,0.5420555597287978,0.014903025204140866,0.18032422419285427,0.0017828789637592468
136,0.37615383210231934,0.27118695657879105,0.02160851982330873,0.3232257663062719,0.007824925189308891
137,0.6894978742316542,0.25716644462099436,0.0038065663583423622,0.049064755022110745,0.0004643597668982329
138,0.0,1.0,0.0,0.0,0.0
139,0.13098809145088997,0.16315152452517126,0.03273281897288167,0.669236918566878,0.003890646484179133
140,0.1314261704188699,0.46277948842681665,0.01888638654985662,0.38690795460445687,0.0
141,0.1535630955222751,0.39816580005789115,0.04258225105644439,0.404725604945473,0.0009632484179162992
142,0.15903824036897604,0.539692310438062,0.02820914787111046,0.27306030132185166,0.0
143,0.5387321221187192,0.31440902990512837,0.024351656798280975,0.11804368859331676,0.004463502584554737
144,0.13793904271563892,0.47679142644865363,0.01920636198752956,0.36606316884817786,0.0
145,0.10809318696548602,0.49766021127762655,0.01631450419493255,0.37793209756195484,0.0
146,0.17159776522470865,0.4443133852597011,0.020051081508725418,0.3640377680068649,0.0
147,0.1314261704188699,0.46277948842681665,0.01888638654985662,0.38690795460445687,0.0
148,0.1535630955222751,0.39816580005789115,0.04258225105644439,0.404725604945473,0.0009632484179162992
149,0.1530876946353408,0.39745892119745324,0.04250343437288049,0.40516856380696503,0.001781385987360521
150,0.44847887173979084,0.38165034448831636,0.019784382441019235,0.10998675161523956,0.040099649715634025
151,0.26785185188614585,0.22958347868592577,0.012213699677021812,0.4903509697509066,0.0
152,0.680606591494582,0.2600507572347151,0.0037880392210668185,0.054928483861503105,0.0006261281881328758
153,0.05533607928512716,0.3160715652790837,0.12461643565139567,0.5039759197843935,0.0
154,0.37478865531487643,0.1711617572867969,0.059105015172381745,0.3501908195587823,0.04475375266716256
155,0.11644983372298112,0.7449860291218736,0.037565411896137775,0.07503088198951299,0.025967843269494518
156,0.0,0.9998759947073863,0.0,0.0,0.0001240052926137382
157,0.0,0.0,0.0,0.9892017688021805,0.010798231197819454
158,0.07246779551915868,0.48589707934427934,0.04815701382927847,0.39347811130728355,0.0
159,0.3738104849060643,0.5022915310038206,0.008557197793089614,0.11534078629702543,0.0
160,0.0,0.1522313411193343,0.038463414850367014,0.8093052440302987,0.0
161,0.17657057632825549,0.30095886041923836,0.002753202837247234,0.519717360415259,0.0
162,0.0,0.0,0.0,1.0,0.0
163,0.5931276956964903,0.25790547188690865,0.004559046318594074,0.1421221589835326,0.002285627114474326
164,0.13662214127747166,0.49296057873097515,0.06916993635108389,0.21466775077568467,0.08657959286478459
165,0.05443251801636222,0.340941243961972,0.21704202251762766,0.38688130415770483,0.0007029113463334077
166,0.0,0.28829563099190664,0.1057128025960553,0.5504414567582252,0.0555501096538128
167,0.13354501682833556,0.4814275506178014,0.015015111378391783,0.368568410415522,0.001443910759949235
168,0.8174537281607499,0.12559939330787193,0.05694687853137823,0.0,0.0
169,0.3150486872494337,0.15875414895711432,0.006455116302426843,0.519742047491025,0.0
170,0.680606591494582,0.2600507572347151,0.0037880392210668185,0.054928483861503105,0.0006261281881328758
171,0.05533607928512716,0.3160715652790837,0.12461643565139567,0.5039759197843935,0.0
172,0.37478865531487643,0.1711617572867969,0.059105015172381745,0.3501908195587823,0.04475375266716256
173,0.06535647899767244,0.8153970188217852,0.04630143514292302,0.03718069197995535,0.03576437505766393
174,0.0,0.9999336865357479,0.0,0.0,6.631346425213747e-05
175,0.0,0.0,0.0,0.9892017688021805,0.010798231197819454
176,0.07246779551915868,0.48589707934427934,0.04815701382927847,0.39347811130728355,0.0
177,0.030844980817489185,0.9675852152029435,0.0,0.0015698039795672821,0.0
178,0.0,0.16542533882189145,0.05101880541821831,0.7835558557598903,0.0
179,0.17657057632825549,0.30095886041923836,0.002753202837247234,0.519717360415259,0.0
180,0.04284082128326445,0.0,0.0,0.9571591787167356,0.0
181,0.0,0.42034180894076817,0.104777677348847,0.430917820907686,0.04396269280269879
182,0.0005997782223189634,0.0,0.0,0.999400221777681,0.0
183,0.0019515388531981962,0.0,0.0003332428925373306,0.9935600042730007,0.004155213981263681
184,0.0012994688003895426,0.006785937643658505,0.00016885217052077408,0.9917457413854311,0.0
185,0.0,0.0,0.0,1.0,0.0
186,0.0,0.0,0.0,1.0,0.0
187,0.015773314310469848,0.0,0.0,0.9842266856895302,0.0
188,0.00488125091095151,0.9694979580259808,0.0,0.02562079106306769,0.0
189,0.5931276956964903,0.25790547188690865,0.004559046318594074,0.1421221589835326,0.002285627114474326
190,0.21094285672722357,0.23482345572127328,0.10380718730561564,0.4001621313253656,0.050264368920521774
191,0.05443251801636222,0.340941243961972,0.21704202251762766,0.38688130415770483,0.0007029113463334077
192,0.0,0.28829563099190664,0.1057128025960553,0.5504414567582252,0.0555501096538128
193,0.5642123581922497,0.24113889065083247,0.0062403492756540335,0.18630775167197133,0.0021006502092924414
194,0.9982341411878933,0.0,0.0,0.0,0.0017658588121067258
195,1.0,0.0,0.0,0.0,0.0
196,0.0,0.21675928782140638,0.0,0.7832407121785936,0.0
197,0.0410550543481599,0.09620232452981703,0.018006766648186703,0.8402958394433165,0.004440015030519864
198,0.06297754941886632,0.024260440617464,0.07036559017346443,0.8209095163234444,0.021486903466760927
199,0.05766847888831033,0.34801457022792526,0.21396575885069705,0.3800988410316146,0.0002523510014527566
200,0.05766847888831033,0.34801457022792526,0.21396575885069705,0.3800988410316146,0.0002523510014527566
201,0.0,0.517575876229508,0.0046743500416249,0.477749773728867,0.0
202,0.05852394586267348,0.34141517469873,0.20298678992639754,0.3815489630270296,0.015525126485169153
203,0.006223308560972523,0.49495849976609396,0.03377470449190589,0.4650434871810276,0.0
204,0.00013262085398159213,0.08570979982315882,0.6098114172942409,0.2941168926132482,0.010229269415370541
205,0.031208795474970314,0.1186045875944907,0.6584246685806957,0.1892974811723561,0.002464467177487305
206,0.17780787111205612,0.4922401343550002,0.024636345507586473,0.29824348960975744,0.007072159415599709
207,0.0032002507968226447,0.495899332391086,0.022627168796284534,0.4636650370180966,0.01460821099771023
208,0.21668991281236358,0.7224996126738966,0.0,0.06081047451373981,0.0
209,0.07943461090642971,0.7134414581814514,0.0005010210873213454,0.2066229098247975,0.0
210,0.04921581272325348,0.08775272129026046,0.02355245621518376,0.8394790097713022,0.0
211,0.06809473775377561,0.9169183009537736,0.0149869612924508,0.0,0.0
212,0.06171817945482346,0.9382818205451766,0.0,0.0,0.0
213,0.0,0.4467166641854554,0.0,0.5532833358145446,0.0
214,0.2035796835925737,0.7801736772427813,0.0009178762061011677,0.015328762958543714,0.0
215,0.0,0.14102418532140928,0.003167805263505768,0.855808009415085,0.0
216,0.0167368988127517,0.8742148842903704,0.0,0.09071845030712361,0.018329766589754194
217,0.0,0.9819233988099214,0.0,0.018076601190078537,0.0
218,0.4484263314722581,0.15679606020089243,0.10498796077462931,0.28357992249889363,0.006209725053326644
219,0.09524105839135678,0.5726466107230361,0.021497626609815846,0.2814304428925583,0.029184261383232865
220,0.3925793366944208,0.22489117363087807,0.11242136350187089,0.2622626003354542,0.007845525837375925
221,0.0,0.40478405307132836,0.0,0.5952159469286717,0.0
222,0.019035832257908378,0.0,0.0,0.9809641677420917,0.0
223,0.20505237127406106,0.4978608001021095,0.004985320519899265,0.29210150810393026,0.0
224,0.9156915706328457,0.04333558335839356,0.0,0.04097284600876083,0.0
225,0.02504804743120494,0.0006406542518941541,0.007278354906265245,0.9473052885058346,0.01972765490480094
226,0.13573095876730532,0.5196352699909854,0.0,0.3407572538883413,0.003876517353367948
227,0.5344857157044803,0.2502295384569621,0.036369270678753514,0.17833437837692379,0.0005810967828801426
228,0.11064545540247558,0.6102956109819394,0.023328360980120116,0.2257226849933319,0.03000788764213303
229,0.030939307106031922,0.8484626846750402,0.0,0.09769819381854737,0.022899814400380667
230,0.3113396706695784,0.15975101665689545,0.12036190010292898,0.40724680110013556,0.001300611470461435
231,0.0,1.0,0.0,0.0,0.0
232,0.0,0.517575876229508,0.0046743500416249,0.477749773728867,0.0
233,0.0,0.9115643849141687,0.0,0.07044970385590085,0.017985911229930374
234,0.021669350649978922,0.6580328483802651,0.0,0.16558610799832646,0.15471169297142945
235,0.05221795397795068,0.520436053241052,0.009127317042106977,0.4182186757388903,0.0
236,0.2922337239886529,0.053084310540918195,0.5382877948180284,0.11300543766977279,0.0033887329826277433
237,0.0,0.7778925945867552,0.0002426633010854288,0.20477433186228927,0.017090410249869965
238,0.0,1.0,0.0,0.0,0.0
239,0.0,0.0,0.0,1.0,0.0
240,0.0,0.0,0.0,0.9978462983880108,0.0021537016119893195
241,0.024898209952876903,0.08459677468102453,0.010526747898855158,0.2603278254485622,0.6196504420186812
242,0.007371609756836405,0.17389102571695278,0.019977535766159477,0.783817373910492,0.014942454849559294
243,0.04108473192318905,0.7560337907220426,0.017474120048741902,0.0866177035047957,0.09878965380123084
244,0.17971967410215248,0.7316149729903244,0.027605527667919523,0.05087040794420783,0.010189417295395834
245,0.10526789404495111,0.7846490361478341,0.008425094583064452,0.10165797522415032,0.0
246,0.0,0.0,0.0,1.0,0.0
247,0.026201961353747225,0.08979143084203133,0.0021852547940847673,0.8811927786324283,0.0006285743777084093
248,0.04752748960770318,0.6788157842566888,0.08903302415845422,0.1785981029220573,0.006025599055096488
249,0.03898590783831552,0.7364990994974435,0.02102923583573755,0.20348575682850345,0.0
250,0.0,0.0,0.0,1.0,0.0
251,0.00881953732378656,0.2135214663887792,0.010203577907734369,0.7640547528027135,0.003400665576986381
252,0.17927440251038843,0.18034127130928768,0.05484555946039153,0.15203361494612555,0.43350515177380683
253,0.8936989874336375,0.1053701496985149,0.0,0.0,0.0009308628678475521
254,0.15253634458459955,0.600418257740498,0.009016323506188308,0.23176283936290137,0.006266234805812725
255,0.256744360705656,0.23980307440488793,0.0,0.503452564889456,0.0
256,0.058952688278916796,0.10783572145802602,0.5784667444566345,0.24263369511815,0.012111150688272636
257,0.0,0.0,0.0,1.0,0.0
258,0.0,0.042103608954558246,0.0,0.9516532924647251,0.0062430985807167836
259,0.0,0.0,0.0,0.9761441761598136,0.02385582384018637
260,0.2862713982508296,0.2143975678418651,0.026075053420529255,0.46877739301914284,0.004478587467633238
261,0.04578526279086953,0.7192835247739862,0.0070456561653708645,0.22788555626977344,0.0
262,0.02660697426614266,0.8515506792901189,0.03286580673832197,0.08897653970541648,0.0
263,0.17971967410215248,0.7316149729903244,0.027605527667919523,0.05087040794420783,0.010189417295395834
264,0.0,0.0,0.0,1.0,0.0
265,0.00010991491066096263,0.0,0.002060508329166104,0.9978295767601729,0.0
266,0.03133043499265047,0.264374975868853,0.22856309293638327,0.4631738817087126,0.012557614493400659
267,0.04358355503743419,0.40647718646974496,0.044982650854918795,0.4679430755246052,0.037013532113296985
268,0.1352705082568969,0.566592256670058,0.019760955278058785,0.2662727810621302,0.012103498732856198
269,0.08811200538642225,0.6612241460251576,0.013257044784332627,0.22633150870894217,0.011075295095145387
270,0.17147206208461496,0.4853676879460251,0.04831827611495848,0.27195276832020715,0.02288920553419434
271,0.1076466261668952,0.47308761623022483,0.06221490142182241,0.3335276269978274,0.023523229183230084
272,0.0,0.9899093659448038,0.0,0.010090634055196125,0.0
273,0.08426094025062764,0.1369337665128224,0.0002283606565488839,0.4572188184030983,0.3213581141769027
274,0.0251444001194822,0.8089789931646963,0.00021090921532172953,0.017206355507808642,0.14845934199269098
275,0.45127732989473873,0.417859219543807,0.006683491296191817,0.11861332514945827,0.005566634115804211
276,0.14905260671905085,0.6075166402870389,0.013039703559834194,0.22211196275299308,0.008279086681083129
277,0.13562606920219694,0.7134540267222673,0.021969913719487647,0.11749282605694364,0.011457164299104605
278,0.0,0.8977372287730604,0.012526220112674435,0.0874700191129679,0.0022665320012971906
279,0.07584053976850458,0.9070427563531425,0.0024926376953568114,0.011804464439518363,0.0028196017434778562
280,0.0,0.974487831585911,0.009299355352112822,0.01510233384936278,0.0011104792126132399
281,0.07944945335227141,0.14453486795699502,0.026107050376012932,0.6821974704528221,0.0677111578618986
282,0.08166489454561775,0.37944816414504867,0.0425845038698674,0.4435057622113711,0.052796675228094954
283,0.006235903639889064,0.25378225207060956,0.02219095454082057,0.6864096093464567,0.031381280402224085
284,0.16679515828375588,0.27545006579035597,0.06046372991262608,0.4964005457075909,0.0008905003056711757
285,0.028957514088767705,0.1064176043164567,0.00636787535182609,0.031196677810166416,0.8270603284327831
286,0.13969783729631016,0.8172736876297768,0.02713166107753316,0.00988837404394464,0.006008439952435209
287,0.07243575507426232,0.7041202485327452,0.03580032650786023,0.15237446355135054,0.03526920633378164
288,0.37468211937608265,0.609997283353535,0.01532059727038247,0.0,0.0
289,0.3531609759140806,0.0,0.0,0.5878466796720918,0.058992344413827585
290,0.03696702340667589,0.06382590017554225,0.7728426005643174,0.12323697300814036,0.0031275028453241795
291,0.11185121026327656,0.3308253195873718,0.1836990774745818,0.37075855056204676,0.0028658421127231654
292,0.03670987279974058,0.0,0.028365110910298984,0.9349250162899605,0.0
293,0.0,0.01836920188568283,0.0001355898281615035,0.010288117900358565,0.9712070903857972
294,0.19706504975806582,0.0,0.0,0.7128893028173809,0.09004564742455318
295,0.19706504975806582,0.0,0.0,0.7128893028173809,0.09004564742455318
296,0.0,0.056287988189341345,0.009693006278384082,0.9301448719069264,0.0038741336253481492
297,0.0,8.718202265110772e-05,0.0,0.0,0.9999128179773489
298,0.0,0.0,0.0,1.0,0.0
299,0.0,0.0,0.0,0.0,1.0
300,0.0,0.0,0.0,0.0,1.0
301,0.03025876915623183,0.473828527763085,0.07638921696174994,0.3900746594537454,0.029448826665187885
302,0.0,0.0,0.0,0.0,1.0
303,0.0,0.0,0.0027926585855485822,0.9972073414144514,0.0
304,0.0,0.9907595666008345,0.00010597385441878931,0.009134459544746712,0.0
305,1.0,0.0,0.0,0.0,0.0
306,1.0,0.0,0.0,0.0,0.0
307,1.0,0.0,0.0,0.0,0.0
308,0.9454644191377137,0.03261627895068411,0.0,0.021919301911602226,0.0
309,0.6628426998758269,0.08784153247204231,0.05137131643289908,0.1874677635663597,0.010476687652872197
310,0.3835782283960596,0.40586617382797485,0.033367461598822916,0.14023037531359783,0.036957760863544784
311,0.10210134764919372,0.19140791421487796,0.20274169169874945,0.4746985126231412,0.02905053381403777
312,0.12859290579441654,0.27309685078128165,0.1261799922050035,0.33116248824650585,0.14096776297279248
313,0.1443650789664312,0.2055376973395775,0.1959189581011052,0.428175477131504,0.026002788461382324
314,0.1443650789664312,0.2055376973395775,0.1959189581011052,0.428175477131504,0.026002788461382324
315,0.12238565910022448,0.2752339287078821,0.13117006455031885,0.32698502239677324,0.14422532524480133
316,0.9990386200046464,0.0,0.0,0.0,0.0009613799953536373
317,0.12148752621226193,0.2968006371363899,0.03428907093684854,0.30031082905199064,0.24711193666250908
318,0.12148752621226193,0.2968006371363899,0.03428907093684854,0.30031082905199064,0.24711193666250908
319,0.3138237818881614,0.2574676191291015,0.23254301264564195,0.04416156123640567,0.15200402510068944
320,0.22837224930344338,0.20848512174157466,0.11968838796210923,0.11267047859585147,0.3307837623970211
321,0.24125779766647767,0.27316594166930946,0.17313929302897543,0.08922326611162715,0.22321370152361042
322,0.049327322140675596,0.3471195402257543,0.02302567645289993,0.21641793412391916,0.364109527056751
323,0.00013811496006299544,0.34336209751509045,0.005359311028454925,0.18980694404243875,0.46133353245395287
324,0.210425539153901,0.6261703103367812,0.00989361816744643,0.11660347454944783,0.03690705779242372
325,0.05959528388422467,0.3380401247718594,0.029950195445111433,0.20834790949770465,0.36406648640109984
326,0.05959528388422467,0.3380401247718594,0.029950195445111433,0.20834790949770465,0.36406648640109984
327,0.22551975699434237,0.4262357202971307,0.01628046963909847,0.15134388556911132,0.1806201675003171
328,0.1777463839053917,0.40700485386068297,0.07443788439560561,0.23897445027616357,0.10183642756215606
329,0.07362049491383514,0.42276841746215166,0.060175109356872286,0.3638598846197846,0.07957609364735638
330,0.0,0.928992266277324,0.0034994885224416804,0.06750824520023435,0.0
331,0.0,0.5633337391120904,0.14654495153450467,0.2558765151617998,0.03424479419160508
332,0.11888938650885933,0.3140016377608466,0.2952418547645888,0.24924991987385534,0.022617201091849788
333,0.0239952986903419,0.5086566414388828,0.11915670221958771,0.3175023775383026,0.03068898011288504
334,0.0,0.5633337391120904,0.14654495153450467,0.2558765151617998,0.03424479419160508
335,0.5065476859132918,0.24177693559421026,0.00880315563543917,0.2422376918181713,0.0006345310388874027
336,0.5065476859132918,0.24177693559421026,0.00880315563543917,0.2422376918181713,0.0006345310388874027
337,0.671523396022032,0.2931872459085306,0.006767744778056132,0.028521613291381188,0.0
338,0.4302940041671072,0.24899431330059726,0.014118612820519722,0.29471071781349034,0.011882351898285333
339,0.17742497990351344,0.6223306258714719,0.03381785784871201,0.07013894938098392,0.09628758699531852
340,0.17742497990351344,0.6223306258714719,0.03381785784871201,0.07013894938098392,0.09628758699531852
341,0.9797580711231755,0.012211710799749212,0.008030218077075298,0.0,0.0
342,0.9515660280318694,0.0,0.0,0.0484339719681306,0.0
343,0.2243134468761033,0.6821488199032953,0.033863430014260884,0.04972829600097345,0.009946007205367032
344,0.14561375681812957,0.37117266680471034,0.0439480690309285,0.4026800965493782,0.03658541079685346
345,0.5729133116001922,0.04394242414268059,0.0,0.3831442642571272,0.0
346,0.3371755679407073,0.100431973901404,0.012086056615207409,0.5488020877685795,0.0015043137741018143
347,0.607030515640153,0.0,0.0,0.3929694843598469,0.0
348,0.7310127281815275,0.18697561377345268,0.00986330860872045,0.06951065844222745,0.002637690994071894
349,0.995926017164962,0.0011669763970827258,0.002907006437955349,0.0,0.0
350,0.0,0.0,0.0,1.0,0.0
351,0.0,0.0,0.0,1.0,0.0
352,0.5737240752250756,0.01466485873289453,0.07572170915518445,0.3273866995232951,0.008502657363550626
353,0.05890625538022056,0.46253217976278027,0.011434263635350845,0.46712730122164825,0.0
354,0.6796950087109687,0.15473557004742072,0.0165413505389558,0.14840430086492037,0.0006237698377344897
355,0.6708126382859523,0.136178605684243,0.015534813147637518,0.17624323006688628,0.001230712815280701
356,0.10260353329577912,0.2853090434371589,0.006366772135513792,0.6038607368020195,0.001859914329528608
357,0.0585908068048898,0.48131337931531903,0.012658789404270291,0.4474370244755208,0.0
358,0.9558150081496228,0.0340503455826638,0.0,0.010103464876134106,3.118139157924637e-05
359,0.0,0.8744446426881346,0.000308303602734443,0.1252470537091311,0.0
360,0.032541893979646554,0.9674581060203534,0.0,0.0,0.0
361,0.006937211402916615,0.880450676579812,0.003022378831305191,0.10849239814482711,0.0010973350411390623
362,0.02400642240781098,0.8473207948208015,0.0009878729789776844,0.10679285119314462,0.020892058599265406
363,0.0,0.9928854531669173,0.0,0.005756445521357635,0.0013581013117250436
364,0.0,0.9997929628249349,0.0,0.0,0.00020703717506511256
365,0.0,0.9977674364033141,0.0,0.0,0.0022325635966859952
366,0.7719883157127398,0.2192560374051661,0.0,0.004576662997805444,0.004178983884288648
367,0.051171523270498426,0.9488284767295017,0.0,0.0,0.0
368,0.0,0.9996458452573163,0.0,0.0003541547426836434,0.0
369,0.05724314580546346,0.22224236981947557,0.0,0.41570645216712276,0.30480803220793823
370,0.0,0.2801021003356525,0.0445412181060668,0.6581353511287795,0.017221330429501122
371,0.0,0.9981740876589794,0.0,0.0018259123410207024,0.0
372,0.025905364429470976,0.028195988560130256,0.0033674607808785195,0.9419478217592382,0.0005833644702820671
373,0.0,0.018950611668668065,0.0,0.9806801981467151,0.0003691901846168061
374,0.004254250350271183,0.30554609659040277,0.05069910294650533,0.6071053653554912,0.03239518475732953
375,0.0,0.0,0.0,1.0,0.0
376,0.06771982358670257,0.8586592596329323,0.0191733826340186,0.054447534146346475,0.0
377,0.12793873452899637,0.3666998183147958,0.040143998644769724,0.4311185463720939,0.03409890213934417
378,0.10335616139762187,0.5473733476753633,0.026628178311605105,0.1667801747921012,0.15586213782330874
379,0.047421483965978006,0.3316614265222184,0.011620515611935344,0.3762309158563769,0.2330656580434912
380,0.012272361010712541,0.2186228424070156,0.3796257645272925,0.37743974052962986,0.01203929152534948
381,0.09681931224924013,0.3422496508882632,0.03325717533062579,0.5139110933738189,0.013762768158051978
382,0.22048990447773792,0.41906916965393337,0.016221460351790395,0.32000953148261374,0.02420993403392468
383,0.0,0.05190054817897731,0.006961920238721535,0.9394445693478639,0.0016929622344374307
384,0.4811182945699589,0.3447635451347728,0.0,0.17411816029526836,0.0
385,0.28497302490514825,0.4906685393865412,0.007826505955628869,0.2165319297526817,0.0
386,0.595211264899226,0.13679880477374345,0.0,0.25509288586809575,0.012897044458934609
387,0.00888393613777262,0.9536636452545357,0.0028418648230848853,0.03241102686121817,0.002199526923388522
388,0.03519224186512038,0.9626038662779206,0.002203891856958963,0.0,0.0
389,0.008488785507282687,0.9834867636692473,0.0017877420765248621,0.006236708746945185,0.0
390,0.09982658523017586,0.7827208412441118,0.021802323696307396,0.06540194388177398,0.03024830594763092
391,0.052843428771268075,0.04401738528155231,0.0,0.9031391859471796,0.0
392,0.0,0.0,0.0,1.0,0.0
393,0.07096573450632573,0.3128107085509404,0.1458801270368401,0.44343279038908134,0.026910639516812274
394,0.0,0.9682118340200733,0.008109649364374595,0.023624007892806678,5.450872274551181e-05
395,0.0346046420189102,0.3026035289521562,0.02545392452667371,0.6220098110837138,0.015328093418546108
396,0.053554413439562715,0.9319440393862114,0.011872273670234785,0.0,0.002629273503991058
397,0.03628575908210815,0.7299470231110289,0.019175577212046203,0.08213982852498355,0.13245181206983317
398,0.32405232337646217,0.40502730126058784,0.08355178304656866,0.18736859231638123,0.0
399,0.26456773571527786,0.5741412626435213,0.013245681907257825,0.14568549342037518,0.002359826313567932
400,0.10818045405942224,0.7899558289322489,0.021426023943246837,0.06997893405572583,0.010458759009356177
401,0.29431001690273656,0.11107939774214523,0.0,0.591007852431307,0.003602732923811106
402,0.11368577210890561,0.4021121806532002,0.023269025564978535,0.4609330216729156,0.0
403,0.32553201786260455,0.4528417716801176,0.019634516592261727,0.20009221386778242,0.001899479997233688
404,0.34713740762442163,0.5252927214672193,0.012254182276378645,0.1108168163869519,0.004498872245028463
405,0.0017107695315290161,0.9980348914093535,0.00025433905911742105,0.0,0.0
406,0.14872007294110043,0.06341536691497505,0.029960813744101495,0.7295651077418971,0.02833863865792597
407,0.15381984740972338,0.3002108202588033,0.020965012309479322,0.47609077333797606,0.048913546684017845
408,0.12032502958039781,0.30468174709630186,0.026830355370505366,0.5227905587110319,0.025372309241763057
409,0.0,0.0,0.0,1.0,0.0
410,0.0,0.006241188915116481,0.0,0.9490223812849822,0.04473642979990147
411,0.0,0.413627331660932,0.0,0.5863726683390681,0.0
412,0.1813571124089628,0.11362931393981668,0.006234558319285633,0.6955484351464938,0.003230580185441103
413,0.0,0.10401582911130029,0.00391995994063016,0.8910808622683485,0.0009833486797210548
414,0.1537001184331989,0.5207862083294724,0.02740892446503647,0.28674793957871475,0.011356809193577533
415,0.16521817850231074,0.2783538503802554,0.033982292316507755,0.5068715893687273,0.015574089432198969
416,0.016669429440647438,0.09314570928496792,0.0043362691271891796,0.8821646397092421,0.003683952437953358
417,0.030597222682363256,0.19709765860303985,0.03190554193461944,0.7377518729058169,0.0026477038741603955
418,0.0561957485240709,0.10588717580099014,0.27553775704531713,0.5540683602736499,0.008310958355971985
419,0.021158111329642196,0.11271922166421441,0.5711586784613941,0.28506655044746304,0.009897438097286361
420,1.0,0.0,0.0,0.0,0.0
421,0.21387887826202787,0.7587122106030714,0.0,0.022178261374494263,0.005230649760406635
422,0.0,1.0,0.0,0.0,0.0
423,0.3889549030439172,0.035827221316326305,0.11801575074845244,0.4553620267169937,0.0018400981743102332
424,0.19133255740048744,0.3515486526388309,0.06083057809186533,0.39628821186881646,0.0
425,0.03670987279974058,0.0,0.028365110910298984,0.9349250162899605,0.0
426,0.4320607787845564,0.06210707822030943,0.21428160861120818,0.27585978853914006,0.015690745844785855
427,0.5168383796639353,0.14384754293084986,0.14618277337008725,0.1914172639049339,0.0017140401301936274
428,0.1493966971465036,0.07931481009078342,0.0428426084325416,0.7275317292867635,0.000914155043408103
429,0.6887976219323854,0.06789211056985994,0.07815231384910562,0.16331107153814006,0.0018468821105089724
430,0.23212409381065752,0.0638213476043832,0.005050730633816885,0.6985834420777757,0.00042038587336675143
431,0.11675329074846774,0.20531847557533875,0.01011896641876504,0.6678092672574285,0.0
432,0.4403812182507517,0.21969349961235093,0.05442732843314754,0.2852458189356371,0.0002521347681127154
433,0.30782836005877634,0.19901930907011034,0.006241586532823188,0.48670753644348,0.00020320789481023975
434,0.45254771000602645,0.04998972329189139,0.0589682281994236,0.43849433850265856,0.0
435,0.4163312958416725,0.08645879200520906,0.19430669391464364,0.28941384027338146,0.01348937796509343
436,0.481522218730797,0.05814218556209524,0.05553663740290012,0.40479895830420765,0.0
437,0.11172068801935661,0.21181721008850907,0.018398477840185314,0.658063624051949,0.0
438,0.5106654436262235,0.2634511674236724,0.0,0.10879009512476523,0.11709329382533891
439,0.9920191823678453,0.004757827139131761,0.0,0.0,0.003222990493023129
440,0.007676604272157753,0.03229631287356111,0.0,0.9600270828542811,0.0
441,0.349228128647335,0.4410539346449625,0.07368364663011857,0.13068875566251764,0.005345534415066451
442,0.12203193882971428,0.572741280979575,0.003657617593231062,0.2996845420223446,0.0018846205751350516
443,0.20964239114145275,0.3376327005768761,0.07125988736976552,0.368035542228006,0.013429478683899565
444,0.2116853448493143,0.17158763802829,0.161584664435892,0.4274502952264602,0.027692057460043485
445,0.0927135988494076,0.4286607082187505,0.0,0.4685947733704798,0.010030919561362081
446,0.031596841987770935,0.1299590413691556,0.0,0.8384441166430735,0.0
447,0.25619042509936846,0.3499252661680166,0.046778593557648934,0.3471057151749659,0.0
448,0.062333653345453585,0.45036773973954597,0.0,0.4872986069150004,0.0
449,0.023448401528663492,0.942917621808007,0.0,0.033633976663329554,0.0
450,0.5145656433030541,0.2977875305240672,0.015412107899416978,0.17020032144933656,0.0020343968241251947
451,0.07409568083441036,0.6642388280028687,0.013083262581424105,0.23979639281612405,0.008785835765172669
452,0.2359037287547117,0.294049724818258,0.012095777041429428,0.45795076938560086,0.0
453,0.10154726661659522,0.22598267324110413,0.0010226973112275697,0.670452660822385,0.000994702008688185
454,0.0,0.12769329784495861,0.0,0.6892264995194216,0.18308020263561978
455,0.013625425916280071,0.028487413125074922,0.0,0.9178433882016864,0.04004377275695845
456,0.0,0.5995361709073374,0.0,0.3371322790801411,0.0633315500125216
457,0.1522134408026014,0.19960410235625484,0.009314727202384732,0.638867729638759,0.0
458,0.13767463465153107,0.27265035426696466,0.00033076440761498397,0.5641925919753394,0.02515165469854997
459,0.1396404710743998,0.2360977708585243,0.0029677528395939986,0.6190805044190898,0.0022135008083921538
460,0.1898625333460442,0.1547989014488405,0.020171926437522476,0.6351666387675929,0.0
